0              0.381763
1              0.461892
2              0.462154
3              0.461471
4              0.405512
5              0.405795
6              0.403161
7              0.366337
8              0.256355
9              0.256014
10              0.253393
11              0.232694
12              0.186972
13              0.186995
14              0.184542
15              0.171559
16              0.149589
17              0.148909
18              0.147363
19              0.139591
20              0.127271
21              0.127197
22              0.125271
23              0.119949
24              0.113009
25              0.113051
26              0.111547
27              0.108043
28              0.104049
29              0.103805
30              0.102859
31              0.100443
32              0.0981227
33              0.0978047
34              0.0967133
35              0.0952613
36              0.09382
37              0.0934713
38              0.093084
39              0.0915927
40              0.090798
41              0.0905727
42              0.0901413
43              0.0895133
44              0.0887127
45              0.0882373
46              0.088116
47              0.0875913
48              0.08704
