0         0         0.315539         
0         1         0.315207         
0         2         0.31535         
0         3         0.315219         
0         4         0.314983         
0         5         0.315267         
0         6         0.314919         
0         7         0.314649         
0         8         0.315512         
0         9         0.315332         
0         10         0.315705         
0         11         0.309617         
0         12         0.272222         
0         13         0.271651         
0         14         0.269783         
0         15         0.258069         
0         16         0.238361         
0         17         0.238048         
0         18         0.235666         
0         19         0.229511         
0         20         0.219523         
0         21         0.219934         
0         22         0.218107         
0         23         0.213707         
0         24         0.20749         
0         25         0.207169         
0         26         0.205479         
0         27         0.202293         
0         28         0.197406         
0         29         0.197182         
0         30         0.195591         
0         31         0.193213         
0         32         0.190663         
0         33         0.190311         
0         34         0.188948         
0         35         0.186941         
0         36         0.185265         
0         37         0.185564         
0         38         0.184047         
0         39         0.183011         
0         40         0.181499         
0         41         0.182116         
0         42         0.181518         
0         43         0.180421         
0         44         0.179847         
0         45         0.179737         
0         46         0.178807         
0         47         0.17802         
0         48         0.177382         
1         0         0.315471         
1         1         0.315105         
1         2         0.31521         
1         3         0.314996         
1         4         0.315434         
1         5         0.314723         
1         6         0.315085         
1         7         0.315661         
1         8         0.314993         
1         9         0.315184         
1         10         0.315241         
1         11         0.309262         
1         12         0.271829         
1         13         0.271579         
1         14         0.269783         
1         15         0.258593         
1         16         0.23861         
1         17         0.238444         
1         18         0.235935         
1         19         0.229511         
1         20         0.219069         
1         21         0.218941         
1         22         0.218098         
1         23         0.213669         
1         24         0.207681         
1         25         0.207853         
1         26         0.20666         
1         27         0.203467         
1         28         0.200363         
1         29         0.19928         
1         30         0.199169         
1         31         0.196695         
1         32         0.195236         
1         33         0.194629         
1         34         0.194355         
1         35         0.192363         
1         36         0.190925         
1         37         0.191116         
1         38         0.190714         
1         39         0.190057         
1         40         0.188593         
1         41         0.188471         
1         42         0.187917         
1         43         0.187701         
1         44         0.186789         
1         45         0.186705         
1         46         0.186403         
1         47         0.186161         
1         48         0.185833         
2         0         0.315315         
2         1         0.315405         
2         2         0.315541         
2         3         0.315467         
2         4         0.315363         
2         5         0.31473         
2         6         0.315128         
2         7         0.314973         
2         8         0.314655         
2         9         0.315151         
2         10         0.315373         
2         11         0.309616         
2         12         0.271743         
2         13         0.271345         
2         14         0.270295         
2         15         0.258419         
2         16         0.238174         
2         17         0.237361         
2         18         0.236303         
2         19         0.229517         
2         20         0.219517         
2         21         0.219371         
2         22         0.218199         
2         23         0.213723         
2         24         0.207331         
2         25         0.207585         
2         26         0.206743         
2         27         0.20356         
2         28         0.200217         
2         29         0.199896         
2         30         0.198881         
2         31         0.196608         
2         32         0.194979         
2         33         0.194621         
2         34         0.194047         
2         35         0.192458         
2         36         0.19172         
2         37         0.190811         
2         38         0.190591         
2         39         0.189649         
2         40         0.189031         
2         41         0.188791         
2         42         0.188154         
2         43         0.187641         
2         44         0.187237         
2         45         0.187259         
2         46         0.186729         
2         47         0.185565         
2         48         0.185869         
3         0         0.314731         
3         1         0.31529         
3         2         0.315313         
3         3         0.315083         
3         4         0.314889         
3         5         0.315403         
3         6         0.314591         
3         7         0.315527         
3         8         0.314698         
3         9         0.315403         
3         10         0.315547         
3         11         0.310269         
3         12         0.271951         
3         13         0.27138         
3         14         0.269173         
3         15         0.258572         
3         16         0.238123         
3         17         0.237846         
3         18         0.236213         
3         19         0.229032         
3         20         0.219418         
3         21         0.219104         
3         22         0.218058         
3         23         0.213481         
3         24         0.207969         
3         25         0.207425         
3         26         0.205891         
3         27         0.203397         
3         28         0.200148         
3         29         0.199609         
3         30         0.198617         
3         31         0.19724         
3         32         0.194729         
3         33         0.194316         
3         34         0.193884         
3         35         0.192571         
3         36         0.19104         
3         37         0.191604         
3         38         0.190579         
3         39         0.189575         
3         40         0.188988         
3         41         0.188348         
3         42         0.188475         
3         43         0.187215         
3         44         0.18662         
3         45         0.18641         
3         46         0.187002         
3         47         0.185833         
3         48         0.186153         
4         0         0.315045         
4         1         0.314929         
4         2         0.314721         
4         3         0.315275         
4         4         0.315225         
4         5         0.314909         
4         6         0.314916         
4         7         0.314647         
4         8         0.315447         
4         9         0.315185         
4         10         0.314617         
4         11         0.309531         
4         12         0.272063         
4         13         0.271415         
4         14         0.269927         
4         15         0.258199         
4         16         0.238764         
4         17         0.238479         
4         18         0.236559         
4         19         0.229479         
4         20         0.219275         
4         21         0.219357         
4         22         0.218262         
4         23         0.213429         
4         24         0.207765         
4         25         0.207703         
4         26         0.20639         
4         27         0.2035         
4         28         0.199328         
4         29         0.199896         
4         30         0.198553         
4         31         0.195845         
4         32         0.193435         
4         33         0.19313         
4         34         0.192129         
4         35         0.190247         
4         36         0.188464         
4         37         0.188262         
4         38         0.187731         
4         39         0.18635         
4         40         0.184981         
4         41         0.184638         
4         42         0.184033         
4         43         0.182937         
4         44         0.182353         
4         45         0.182416         
4         46         0.181929         
4         47         0.180845         
4         48         0.180721         
5         0         0.315226         
5         1         0.315074         
5         2         0.315661         
5         3         0.315007         
5         4         0.315139         
5         5         0.315151         
5         6         0.315669         
5         7         0.314617         
5         8         0.315267         
5         9         0.315425         
5         10         0.315083         
5         11         0.309415         
5         12         0.271583         
5         13         0.271248         
5         14         0.269947         
5         15         0.258478         
5         16         0.238524         
5         17         0.237951         
5         18         0.236281         
5         19         0.229823         
5         20         0.219549         
5         21         0.219485         
5         22         0.218161         
5         23         0.21328         
5         24         0.207722         
5         25         0.207923         
5         26         0.206738         
5         27         0.203228         
5         28         0.200047         
5         29         0.199653         
5         30         0.198447         
5         31         0.195269         
5         32         0.193269         
5         33         0.193152         
5         34         0.191812         
5         35         0.189917         
5         36         0.187979         
5         37         0.188261         
5         38         0.187431         
5         39         0.186122         
5         40         0.185125         
5         41         0.184411         
5         42         0.184189         
5         43         0.183129         
5         44         0.182513         
5         45         0.182249         
5         46         0.181921         
5         47         0.181206         
5         48         0.180672         
6         0         0.315599         
6         1         0.315811         
6         2         0.315685         
6         3         0.314872         
6         4         0.315227         
6         5         0.315223         
6         6         0.315256         
6         7         0.314721         
6         8         0.314967         
6         9         0.314921         
6         10         0.315177         
6         11         0.309773         
6         12         0.271545         
6         13         0.271829         
6         14         0.269373         
6         15         0.258267         
6         16         0.238455         
6         17         0.2384         
6         18         0.23583         
6         19         0.229068         
6         20         0.219541         
6         21         0.219082         
6         22         0.217793         
6         23         0.213869         
6         24         0.207737         
6         25         0.207383         
6         26         0.206624         
6         27         0.203487         
6         28         0.200507         
6         29         0.199902         
6         30         0.198368         
6         31         0.196035         
6         32         0.193186         
6         33         0.192677         
6         34         0.191753         
6         35         0.190183         
6         36         0.188712         
6         37         0.187964         
6         38         0.187743         
6         39         0.185885         
6         40         0.184748         
6         41         0.184761         
6         42         0.183757         
6         43         0.183303         
6         44         0.182238         
6         45         0.182215         
6         46         0.181889         
6         47         0.180763         
6         48         0.180512         
7         0         0.315467         
7         1         0.315253         
7         2         0.314947         
7         3         0.315005         
7         4         0.314425         
7         5         0.315121         
7         6         0.314751         
7         7         0.314981         
7         8         0.314971         
7         9         0.315022         
7         10         0.314926         
7         11         0.309932         
7         12         0.271687         
7         13         0.27143         
7         14         0.269324         
7         15         0.258471         
7         16         0.23776         
7         17         0.237995         
7         18         0.236475         
7         19         0.229367         
7         20         0.219431         
7         21         0.219545         
7         22         0.21784         
7         23         0.213379         
7         24         0.205661         
7         25         0.205953         
7         26         0.20462         
7         27         0.201099         
7         28         0.195845         
7         29         0.195569         
7         30         0.194635         
7         31         0.191757         
7         32         0.189401         
7         33         0.188717         
7         34         0.187878         
7         35         0.185751         
7         36         0.18461         
7         37         0.184581         
7         38         0.183229         
7         39         0.181779         
7         40         0.180615         
7         41         0.18085         
7         42         0.180902         
7         43         0.179346         
7         44         0.178487         
7         45         0.178901         
7         46         0.177541         
7         47         0.177539         
7         48         0.177036         
8         0         0.315094         
8         1         0.315241         
8         2         0.315217         
8         3         0.314766         
8         4         0.315656         
8         5         0.315019         
8         6         0.315351         
8         7         0.315511         
8         8         0.315251         
8         9         0.314887         
8         10         0.315123         
8         11         0.309811         
8         12         0.265225         
8         13         0.265857         
8         14         0.263047         
8         15         0.250613         
8         16         0.228175         
8         17         0.227573         
8         18         0.225206         
8         19         0.217484         
8         20         0.205454         
8         21         0.204949         
8         22         0.203331         
8         23         0.198161         
8         24         0.191311         
8         25         0.190438         
8         26         0.189551         
8         27         0.186381         
8         28         0.181666         
8         29         0.18137         
8         30         0.18068         
8         31         0.177793         
8         32         0.175453         
8         33         0.175061         
8         34         0.173945         
8         35         0.172718         
8         36         0.171076         
8         37         0.170486         
8         38         0.170235         
8         39         0.168997         
8         40         0.168135         
8         41         0.16757         
8         42         0.166921         
8         43         0.166715         
8         44         0.165555         
8         45         0.166085         
8         46         0.165173         
8         47         0.164697         
8         48         0.164222         
9         0         0.315483         
9         1         0.315275         
9         2         0.315249         
9         3         0.315226         
9         4         0.315288         
9         5         0.315323         
9         6         0.315247         
9         7         0.314497         
9         8         0.315605         
9         9         0.315419         
9         10         0.315158         
9         11         0.309461         
9         12         0.266374         
9         13         0.265855         
9         14         0.263234         
9         15         0.250325         
9         16         0.227985         
9         17         0.227995         
9         18         0.225596         
9         19         0.217629         
9         20         0.205747         
9         21         0.205102         
9         22         0.203142         
9         23         0.198017         
9         24         0.191335         
9         25         0.190939         
9         26         0.189505         
9         27         0.186093         
9         28         0.181713         
9         29         0.181687         
9         30         0.180648         
9         31         0.178258         
9         32         0.175876         
9         33         0.175018         
9         34         0.174766         
9         35         0.172339         
9         36         0.171111         
9         37         0.170843         
9         38         0.170417         
9         39         0.169279         
9         40         0.167675         
9         41         0.16783         
9         42         0.167426         
9         43         0.166383         
9         44         0.166505         
9         45         0.165951         
9         46         0.165095         
9         47         0.164917         
9         48         0.164332         
10         0         0.314933         
10         1         0.315343         
10         2         0.315281         
10         3         0.315985         
10         4         0.315392         
10         5         0.315111         
10         6         0.314904         
10         7         0.315105         
10         8         0.315259         
10         9         0.314859         
10         10         0.315349         
10         11         0.309797         
10         12         0.265633         
10         13         0.265545         
10         14         0.263261         
10         15         0.250169         
10         16         0.227669         
10         17         0.227299         
10         18         0.225865         
10         19         0.217691         
10         20         0.204833         
10         21         0.204647         
10         22         0.2035         
10         23         0.197725         
10         24         0.190596         
10         25         0.190382         
10         26         0.189078         
10         27         0.185269         
10         28         0.181577         
10         29         0.181007         
10         30         0.179813         
10         31         0.177725         
10         32         0.175283         
10         33         0.174478         
10         34         0.173982         
10         35         0.172379         
10         36         0.170072         
10         37         0.170313         
10         38         0.169724         
10         39         0.168673         
10         40         0.167559         
10         41         0.166974         
10         42         0.167446         
10         43         0.165704         
10         44         0.165423         
10         45         0.165543         
10         46         0.165123         
10         47         0.164203         
10         48         0.163721         
11         0         0.317066         
11         1         0.316077         
11         2         0.316629         
11         3         0.316521         
11         4         0.316863         
11         5         0.31632         
11         6         0.316765         
11         7         0.317275         
11         8         0.316684         
11         9         0.316462         
11         10         0.316912         
11         11         0.305335         
11         12         0.260412         
11         13         0.260673         
11         14         0.258571         
11         15         0.246008         
11         16         0.223         
11         17         0.223152         
11         18         0.220927         
11         19         0.21234         
11         20         0.200696         
11         21         0.200216         
11         22         0.198952         
11         23         0.193555         
11         24         0.186759         
11         25         0.185806         
11         26         0.185029         
11         27         0.181481         
11         28         0.177517         
11         29         0.177306         
11         30         0.176185         
11         31         0.173265         
11         32         0.17071         
11         33         0.170575         
11         34         0.170129         
11         35         0.168196         
11         36         0.166561         
11         37         0.166461         
11         38         0.165696         
11         39         0.164482         
11         40         0.163422         
11         41         0.163407         
11         42         0.163085         
11         43         0.162097         
11         44         0.161271         
11         45         0.161381         
11         46         0.160862         
11         47         0.160403         
11         48         0.160091         
12         0         0.346455         
12         1         0.346812         
12         2         0.346928         
12         3         0.346912         
12         4         0.346903         
12         5         0.346387         
12         6         0.346156         
12         7         0.347183         
12         8         0.317503         
12         9         0.317257         
12         10         0.315006         
12         11         0.294929         
12         12         0.249959         
12         13         0.249824         
12         14         0.247305         
12         15         0.23523         
12         16         0.212499         
12         17         0.21248         
12         18         0.210706         
12         19         0.202496         
12         20         0.190011         
12         21         0.190189         
12         22         0.188271         
12         23         0.183469         
12         24         0.176797         
12         25         0.176598         
12         26         0.17488         
12         27         0.171179         
12         28         0.166938         
12         29         0.166827         
12         30         0.165733         
12         31         0.163285         
12         32         0.160849         
12         33         0.160655         
12         34         0.160306         
12         35         0.158351         
12         36         0.156867         
12         37         0.156293         
12         38         0.155864         
12         39         0.154667         
12         40         0.153425         
12         41         0.153609         
12         42         0.153007         
12         43         0.152129         
12         44         0.151203         
12         45         0.151513         
12         46         0.150991         
12         47         0.150557         
12         48         0.150114         
13         0         0.347153         
13         1         0.347285         
13         2         0.346857         
13         3         0.347363         
13         4         0.346526         
13         5         0.347401         
13         6         0.346441         
13         7         0.346691         
13         8         0.317038         
13         9         0.317579         
13         10         0.314473         
13         11         0.294747         
13         12         0.249883         
13         13         0.249199         
13         14         0.247446         
13         15         0.234834         
13         16         0.212545         
13         17         0.212134         
13         18         0.209847         
13         19         0.202793         
13         20         0.190592         
13         21         0.190136         
13         22         0.188627         
13         23         0.183057         
13         24         0.175949         
13         25         0.176037         
13         26         0.174626         
13         27         0.171055         
13         28         0.166732         
13         29         0.167092         
13         30         0.16578         
13         31         0.163555         
13         32         0.161136         
13         33         0.161119         
13         34         0.15975         
13         35         0.158058         
13         36         0.156589         
13         37         0.156306         
13         38         0.156016         
13         39         0.154869         
13         40         0.154067         
13         41         0.153499         
13         42         0.153234         
13         43         0.152069         
13         44         0.151715         
13         45         0.151355         
13         46         0.150688         
13         47         0.15028         
13         48         0.150227         
14         0         0.348631         
14         1         0.348452         
14         2         0.348681         
14         3         0.348701         
14         4         0.348228         
14         5         0.348417         
14         6         0.348799         
14         7         0.348147         
14         8         0.316433         
14         9         0.316868         
14         10         0.314203         
14         11         0.293845         
14         12         0.249225         
14         13         0.249277         
14         14         0.246979         
14         15         0.234206         
14         16         0.211881         
14         17         0.211292         
14         18         0.209465         
14         19         0.201992         
14         20         0.189485         
14         21         0.189322         
14         22         0.187987         
14         23         0.182354         
14         24         0.175819         
14         25         0.175699         
14         26         0.174027         
14         27         0.170417         
14         28         0.16622         
14         29         0.165923         
14         30         0.164678         
14         31         0.162637         
14         32         0.160073         
14         33         0.159735         
14         34         0.159419         
14         35         0.157689         
14         36         0.156166         
14         37         0.155844         
14         38         0.155425         
14         39         0.153668         
14         40         0.15309         
14         41         0.152699         
14         42         0.152286         
14         43         0.151489         
14         44         0.151397         
14         45         0.150847         
14         46         0.150151         
14         47         0.149803         
14         48         0.149153         
15         0         0.359149         
15         1         0.359369         
15         2         0.359286         
15         3         0.358617         
15         4         0.358482         
15         5         0.359285         
15         6         0.358566         
15         7         0.358622         
15         8         0.312711         
15         9         0.312651         
15         10         0.310335         
15         11         0.290322         
15         12         0.245569         
15         13         0.245162         
15         14         0.242601         
15         15         0.230126         
15         16         0.20819         
15         17         0.207411         
15         18         0.205456         
15         19         0.197892         
15         20         0.186127         
15         21         0.185565         
15         22         0.183999         
15         23         0.178369         
15         24         0.171906         
15         25         0.171821         
15         26         0.17005         
15         27         0.166189         
15         28         0.162765         
15         29         0.162339         
15         30         0.160857         
15         31         0.158729         
15         32         0.156403         
15         33         0.156165         
15         34         0.155173         
15         35         0.153766         
15         36         0.152057         
15         37         0.151797         
15         38         0.151039         
15         39         0.149861         
15         40         0.148911         
15         41         0.149018         
15         42         0.148531         
15         43         0.147571         
15         44         0.14695         
15         45         0.146576         
15         46         0.146059         
15         47         0.145853         
15         48         0.145467         
16         0         0.377315         
16         1         0.377514         
16         2         0.377943         
16         3         0.377897         
16         4         0.377681         
16         5         0.377817         
16         6         0.377484         
16         7         0.377338         
16         8         0.304857         
16         9         0.305107         
16         10         0.30256         
16         11         0.282252         
16         12         0.237039         
16         13         0.237331         
16         14         0.234623         
16         15         0.222584         
16         16         0.199743         
16         17         0.199891         
16         18         0.197333         
16         19         0.189746         
16         20         0.177761         
16         21         0.177504         
16         22         0.175845         
16         23         0.170638         
16         24         0.163995         
16         25         0.163555         
16         26         0.162547         
16         27         0.158521         
16         28         0.154775         
16         29         0.154089         
16         30         0.153344         
16         31         0.150467         
16         32         0.148146         
16         33         0.148127         
16         34         0.147623         
16         35         0.145469         
16         36         0.144201         
16         37         0.1441         
16         38         0.143293         
16         39         0.142249         
16         40         0.141336         
16         41         0.140912         
16         42         0.140472         
16         43         0.139647         
16         44         0.138477         
16         45         0.138965         
16         46         0.138779         
16         47         0.137925         
16         48         0.137615         
17         0         0.377993         
17         1         0.378109         
17         2         0.377721         
17         3         0.377673         
17         4         0.378001         
17         5         0.377557         
17         6         0.377921         
17         7         0.378126         
17         8         0.304703         
17         9         0.304857         
17         10         0.302255         
17         11         0.28249         
17         12         0.237425         
17         13         0.237049         
17         14         0.234667         
17         15         0.222516         
17         16         0.199413         
17         17         0.199679         
17         18         0.198001         
17         19         0.189928         
17         20         0.177817         
17         21         0.176969         
17         22         0.176123         
17         23         0.170472         
17         24         0.163477         
17         25         0.163655         
17         26         0.161913         
17         27         0.158657         
17         28         0.154121         
17         29         0.154143         
17         30         0.153375         
17         31         0.151035         
17         32         0.147784         
17         33         0.147911         
17         34         0.147474         
17         35         0.145303         
17         36         0.144196         
17         37         0.143503         
17         38         0.143167         
17         39         0.142188         
17         40         0.14088         
17         41         0.141065         
17         42         0.140619         
17         43         0.139508         
17         44         0.138953         
17         45         0.138929         
17         46         0.13853         
17         47         0.137694         
17         48         0.137328         
18         0         0.379301         
18         1         0.38024         
18         2         0.37988         
18         3         0.379983         
18         4         0.379655         
18         5         0.379792         
18         6         0.379719         
18         7         0.380435         
18         8         0.304277         
18         9         0.304173         
18         10         0.301337         
18         11         0.281751         
18         12         0.236297         
18         13         0.235514         
18         14         0.234137         
18         15         0.221035         
18         16         0.199241         
18         17         0.198869         
18         18         0.196701         
18         19         0.188977         
18         20         0.176746         
18         21         0.176345         
18         22         0.175107         
18         23         0.169523         
18         24         0.162967         
18         25         0.162254         
18         26         0.161075         
18         27         0.157308         
18         28         0.153809         
18         29         0.153577         
18         30         0.152362         
18         31         0.149551         
18         32         0.147469         
18         33         0.14693         
18         34         0.146131         
18         35         0.144237         
18         36         0.142837         
18         37         0.14259         
18         38         0.142253         
18         39         0.141265         
18         40         0.140405         
18         41         0.139995         
18         42         0.139607         
18         43         0.138559         
18         44         0.138074         
18         45         0.138146         
18         46         0.137749         
18         47         0.13708         
18         48         0.136555         
19         0         0.389176         
19         1         0.389104         
19         2         0.388752         
19         3         0.388931         
19         4         0.388959         
19         5         0.388729         
19         6         0.389043         
19         7         0.389017         
19         8         0.300659         
19         9         0.300165         
19         10         0.29767         
19         11         0.277135         
19         12         0.232395         
19         13         0.23217         
19         14         0.229688         
19         15         0.217183         
19         16         0.194809         
19         17         0.19462         
19         18         0.19311         
19         19         0.185114         
19         20         0.172641         
19         21         0.172375         
19         22         0.170783         
19         23         0.165592         
19         24         0.159105         
19         25         0.158739         
19         26         0.157398         
19         27         0.153798         
19         28         0.149946         
19         29         0.149498         
19         30         0.148369         
19         31         0.145944         
19         32         0.14378         
19         33         0.143268         
19         34         0.142356         
19         35         0.140931         
19         36         0.139689         
19         37         0.138855         
19         38         0.138431         
19         39         0.137138         
19         40         0.136534         
19         41         0.135975         
19         42         0.135796         
19         43         0.135119         
19         44         0.134091         
19         45         0.134113         
19         46         0.133781         
19         47         0.133293         
19         48         0.132662         
20         0         0.404173         
20         1         0.404409         
20         2         0.404045         
20         3         0.403929         
20         4         0.404465         
20         5         0.404023         
20         6         0.403935         
20         7         0.402935         
20         8         0.294557         
20         9         0.294703         
20         10         0.291696         
20         11         0.271476         
20         12         0.226428         
20         13         0.226236         
20         14         0.223689         
20         15         0.210913         
20         16         0.188503         
20         17         0.188541         
20         18         0.186329         
20         19         0.178275         
20         20         0.166549         
20         21         0.166474         
20         22         0.164801         
20         23         0.159563         
20         24         0.15257         
20         25         0.152366         
20         26         0.15095         
20         27         0.147671         
20         28         0.143633         
20         29         0.143158         
20         30         0.141977         
20         31         0.139591         
20         32         0.137315         
20         33         0.137245         
20         34         0.136307         
20         35         0.134591         
20         36         0.132978         
20         37         0.132803         
20         38         0.132274         
20         39         0.130944         
20         40         0.129767         
20         41         0.129697         
20         42         0.129218         
20         43         0.128721         
20         44         0.128085         
20         45         0.127855         
20         46         0.127187         
20         47         0.126823         
20         48         0.126346         
21         0         0.404466         
21         1         0.404624         
21         2         0.404183         
21         3         0.405015         
21         4         0.404371         
21         5         0.403935         
21         6         0.404129         
21         7         0.402759         
21         8         0.294453         
21         9         0.294453         
21         10         0.291666         
21         11         0.271382         
21         12         0.225965         
21         13         0.225819         
21         14         0.223291         
21         15         0.210968         
21         16         0.189063         
21         17         0.188421         
21         18         0.186582         
21         19         0.178491         
21         20         0.166137         
21         21         0.165993         
21         22         0.164695         
21         23         0.159127         
21         24         0.152307         
21         25         0.152037         
21         26         0.150807         
21         27         0.147432         
21         28         0.143316         
21         29         0.142913         
21         30         0.142051         
21         31         0.139392         
21         32         0.137141         
21         33         0.137017         
21         34         0.136221         
21         35         0.134316         
21         36         0.132668         
21         37         0.132748         
21         38         0.132364         
21         39         0.130629         
21         40         0.12999         
21         41         0.129678         
21         42         0.12914         
21         43         0.128589         
21         44         0.12775         
21         45         0.12738         
21         46         0.127191         
21         47         0.126552         
21         48         0.126205         
22         0         0.406747         
22         1         0.407007         
22         2         0.406173         
22         3         0.407039         
22         4         0.406573         
22         5         0.407343         
22         6         0.4069         
22         7         0.40192         
22         8         0.293203         
22         9         0.293244         
22         10         0.290893         
22         11         0.270033         
22         12         0.225251         
22         13         0.224629         
22         14         0.22259         
22         15         0.209817         
22         16         0.187817         
22         17         0.18717         
22         18         0.185474         
22         19         0.177504         
22         20         0.165622         
22         21         0.165101         
22         22         0.163772         
22         23         0.158523         
22         24         0.151357         
22         25         0.151233         
22         26         0.150197         
22         27         0.146305         
22         28         0.142301         
22         29         0.142121         
22         30         0.140989         
22         31         0.138757         
22         32         0.135847         
22         33         0.135965         
22         34         0.135111         
22         35         0.133481         
22         36         0.131973         
22         37         0.131794         
22         38         0.131269         
22         39         0.13022         
22         40         0.128639         
22         41         0.128415         
22         42         0.128332         
22         43         0.127332         
22         44         0.126784         
22         45         0.126498         
22         46         0.126676         
22         47         0.125627         
22         48         0.125371         
23         0         0.413385         
23         1         0.41361         
23         2         0.414517         
23         3         0.414205         
23         4         0.414155         
23         5         0.414607         
23         6         0.414131         
23         7         0.398321         
23         8         0.289972         
23         9         0.289672         
23         10         0.286831         
23         11         0.266661         
23         12         0.221609         
23         13         0.220972         
23         14         0.219319         
23         15         0.206163         
23         16         0.184031         
23         17         0.183401         
23         18         0.181843         
23         19         0.173781         
23         20         0.161441         
23         21         0.161584         
23         22         0.159755         
23         23         0.154488         
23         24         0.14786         
23         25         0.147741         
23         26         0.146523         
23         27         0.142512         
23         28         0.138845         
23         29         0.138623         
23         30         0.137186         
23         31         0.134894         
23         32         0.132581         
23         33         0.132299         
23         34         0.131388         
23         35         0.129613         
23         36         0.128083         
23         37         0.127973         
23         38         0.127107         
23         39         0.126145         
23         40         0.125245         
23         41         0.124965         
23         42         0.124379         
23         43         0.124268         
23         44         0.122897         
23         45         0.122703         
23         46         0.122538         
23         47         0.122091         
23         48         0.12149         
24         0         0.408783         
24         1         0.424111         
24         2         0.424003         
24         3         0.424264         
24         4         0.423512         
24         5         0.424181         
24         6         0.423753         
24         7         0.393212         
24         8         0.284941         
24         9         0.284751         
24         10         0.282467         
24         11         0.261867         
24         12         0.216597         
24         13         0.216041         
24         14         0.213901         
24         15         0.201405         
24         16         0.178837         
24         17         0.178616         
24         18         0.177122         
24         19         0.1687         
24         20         0.156753         
24         21         0.157011         
24         22         0.155182         
24         23         0.149339         
24         24         0.142967         
24         25         0.142337         
24         26         0.141379         
24         27         0.137611         
24         28         0.133811         
24         29         0.133322         
24         30         0.132437         
24         31         0.129889         
24         32         0.127444         
24         33         0.127247         
24         34         0.126334         
24         35         0.124929         
24         36         0.123063         
24         37         0.122981         
24         38         0.122452         
24         39         0.121087         
24         40         0.120313         
24         41         0.119929         
24         42         0.119435         
24         43         0.118719         
24         44         0.118106         
24         45         0.117974         
24         46         0.117475         
24         47         0.11695         
24         48         0.116531         
25         0         0.408623         
25         1         0.424359         
25         2         0.424584         
25         3         0.424463         
25         4         0.424938         
25         5         0.424456         
25         6         0.425139         
25         7         0.392808         
25         8         0.285456         
25         9         0.285001         
25         10         0.281972         
25         11         0.262115         
25         12         0.215546         
25         13         0.215619         
25         14         0.213709         
25         15         0.20101         
25         16         0.179011         
25         17         0.178543         
25         18         0.176476         
25         19         0.168516         
25         20         0.15656         
25         21         0.156541         
25         22         0.154675         
25         23         0.149205         
25         24         0.142439         
25         25         0.142244         
25         26         0.141187         
25         27         0.137458         
25         28         0.133682         
25         29         0.132793         
25         30         0.132143         
25         31         0.129792         
25         32         0.127251         
25         33         0.126919         
25         34         0.12627         
25         35         0.124759         
25         36         0.122943         
25         37         0.122597         
25         38         0.122536         
25         39         0.120959         
25         40         0.120179         
25         41         0.119774         
25         42         0.119239         
25         43         0.118593         
25         44         0.118052         
25         45         0.11787         
25         46         0.117421         
25         47         0.116679         
25         48         0.116577         
26         0         0.407829         
26         1         0.426702         
26         2         0.426448         
26         3         0.42637         
26         4         0.426367         
26         5         0.426667         
26         6         0.426442         
26         7         0.392509         
26         8         0.283279         
26         9         0.283565         
26         10         0.281195         
26         11         0.260287         
26         12         0.215016         
26         13         0.214957         
26         14         0.212381         
26         15         0.200105         
26         16         0.177691         
26         17         0.177557         
26         18         0.175181         
26         19         0.167425         
26         20         0.155107         
26         21         0.154775         
26         22         0.153656         
26         23         0.14804         
26         24         0.141515         
26         25         0.141327         
26         26         0.139847         
26         27         0.136221         
26         28         0.132067         
26         29         0.132008         
26         30         0.131013         
26         31         0.128657         
26         32         0.126063         
26         33         0.125997         
26         34         0.12523         
26         35         0.123551         
26         36         0.121888         
26         37         0.121392         
26         38         0.121125         
26         39         0.119823         
26         40         0.118739         
26         41         0.118529         
26         42         0.118299         
26         43         0.117455         
26         44         0.116787         
26         45         0.116723         
26         46         0.11625         
26         47         0.115471         
26         48         0.115051         
27         0         0.404507         
27         1         0.432238         
27         2         0.432335         
27         3         0.431441         
27         4         0.429151         
27         5         0.429482         
27         6         0.427205         
27         7         0.389262         
27         8         0.279673         
27         9         0.280671         
27         10         0.278091         
27         11         0.257495         
27         12         0.211821         
27         13         0.211355         
27         14         0.209299         
27         15         0.196555         
27         16         0.174207         
27         17         0.174112         
27         18         0.171953         
27         19         0.16392         
27         20         0.152097         
27         21         0.151751         
27         22         0.149895         
27         23         0.144431         
27         24         0.138285         
27         25         0.137867         
27         26         0.13651         
27         27         0.132839         
27         28         0.128933         
27         29         0.128823         
27         30         0.127395         
27         31         0.125567         
27         32         0.122777         
27         33         0.122426         
27         34         0.12173         
27         35         0.120001         
27         36         0.118335         
27         37         0.11818         
27         38         0.117613         
27         39         0.116574         
27         40         0.115558         
27         41         0.115144         
27         42         0.115017         
27         43         0.114063         
27         44         0.113517         
27         45         0.113277         
27         46         0.112773         
27         47         0.112252         
27         48         0.111962         
28         0         0.400224         
28         1         0.438322         
28         2         0.437435         
28         3         0.438489         
28         4         0.424931         
28         5         0.425019         
28         6         0.422836         
28         7         0.385326         
28         8         0.276694         
28         9         0.276729         
28         10         0.273919         
28         11         0.253485         
28         12         0.208077         
28         13         0.207557         
28         14         0.205127         
28         15         0.192383         
28         16         0.170275         
28         17         0.170279         
28         18         0.168053         
28         19         0.160033         
28         20         0.147955         
28         21         0.147773         
28         22         0.146221         
28         23         0.140881         
28         24         0.133875         
28         25         0.133773         
28         26         0.132529         
28         27         0.12903         
28         28         0.124913         
28         29         0.124524         
28         30         0.123546         
28         31         0.121336         
28         32         0.118704         
28         33         0.118635         
28         34         0.117589         
28         35         0.115917         
28         36         0.114452         
28         37         0.114339         
28         38         0.11361         
28         39         0.112523         
28         40         0.111659         
28         41         0.111478         
28         42         0.110755         
28         43         0.110005         
28         44         0.109567         
28         45         0.109187         
28         46         0.108699         
28         47         0.108213         
28         48         0.108051         
29         0         0.400831         
29         1         0.438509         
29         2         0.438299         
29         3         0.438499         
29         4         0.425251         
29         5         0.424607         
29         6         0.422273         
29         7         0.385612         
29         8         0.276129         
29         9         0.276054         
29         10         0.273809         
29         11         0.252717         
29         12         0.207565         
29         13         0.20698         
29         14         0.20503         
29         15         0.192533         
29         16         0.170255         
29         17         0.169884         
29         18         0.167739         
29         19         0.159721         
29         20         0.147673         
29         21         0.147735         
29         22         0.145645         
29         23         0.140701         
29         24         0.133797         
29         25         0.133533         
29         26         0.132479         
29         27         0.128426         
29         28         0.124679         
29         29         0.124242         
29         30         0.123203         
29         31         0.121003         
29         32         0.118649         
29         33         0.118092         
29         34         0.117458         
29         35         0.115734         
29         36         0.114148         
29         37         0.113821         
29         38         0.113456         
29         39         0.112119         
29         40         0.111131         
29         41         0.111077         
29         42         0.110593         
29         43         0.109804         
29         44         0.108842         
29         45         0.108765         
29         46         0.108688         
29         47         0.108252         
29         48         0.107708         
30         0         0.399503         
30         1         0.440656         
30         2         0.440185         
30         3         0.440311         
30         4         0.423167         
30         5         0.423357         
30         6         0.421004         
30         7         0.383603         
30         8         0.274989         
30         9         0.274858         
30         10         0.272428         
30         11         0.251678         
30         12         0.206035         
30         13         0.206215         
30         14         0.203581         
30         15         0.191399         
30         16         0.16877         
30         17         0.168602         
30         18         0.166477         
30         19         0.158463         
30         20         0.146557         
30         21         0.146085         
30         22         0.144661         
30         23         0.139455         
30         24         0.132716         
30         25         0.132664         
30         26         0.131124         
30         27         0.127281         
30         28         0.123499         
30         29         0.123191         
30         30         0.122397         
30         31         0.119784         
30         32         0.117131         
30         33         0.117027         
30         34         0.116529         
30         35         0.114324         
30         36         0.112915         
30         37         0.112665         
30         38         0.112267         
30         39         0.110828         
30         40         0.110147         
30         41         0.109851         
30         42         0.109295         
30         43         0.108582         
30         44         0.107747         
30         45         0.107783         
30         46         0.107245         
30         47         0.106771         
30         48         0.106237         
31         0         0.396627         
31         1         0.443687         
31         2         0.444156         
31         3         0.444137         
31         4         0.420083         
31         5         0.420467         
31         6         0.418659         
31         7         0.381429         
31         8         0.271951         
31         9         0.272694         
31         10         0.269416         
31         11         0.248961         
31         12         0.203388         
31         13         0.203237         
31         14         0.200602         
31         15         0.188195         
31         16         0.165564         
31         17         0.165601         
31         18         0.163209         
31         19         0.155627         
31         20         0.143157         
31         21         0.143675         
31         22         0.141641         
31         23         0.136575         
31         24         0.129778         
31         25         0.129116         
31         26         0.128223         
31         27         0.124238         
31         28         0.120321         
31         29         0.119999         
31         30         0.119286         
31         31         0.116581         
31         32         0.11434         
31         33         0.113777         
31         34         0.113413         
31         35         0.111363         
31         36         0.110015         
31         37         0.109896         
31         38         0.109137         
31         39         0.107951         
31         40         0.107277         
31         41         0.106699         
31         42         0.106215         
31         43         0.105675         
31         44         0.104764         
31         45         0.104818         
31         46         0.104184         
31         47         0.103663         
31         48         0.103377         
32         0         0.393677         
32         1         0.448134         
32         2         0.447404         
32         3         0.448048         
32         4         0.417419         
32         5         0.41761         
32         6         0.415471         
32         7         0.378127         
32         8         0.268667         
32         9         0.268607         
32         10         0.266035         
32         11         0.245693         
32         12         0.200192         
32         13         0.199543         
32         14         0.197421         
32         15         0.184939         
32         16         0.162189         
32         17         0.161911         
32         18         0.160071         
32         19         0.152251         
32         20         0.140108         
32         21         0.140241         
32         22         0.13851         
32         23         0.133017         
32         24         0.126432         
32         25         0.125839         
32         26         0.124879         
32         27         0.121237         
32         28         0.117193         
32         29         0.117097         
32         30         0.115903         
32         31         0.113528         
32         32         0.111199         
32         33         0.110661         
32         34         0.110075         
32         35         0.108194         
32         36         0.106714         
32         37         0.106519         
32         38         0.105883         
32         39         0.104804         
32         40         0.103646         
32         41         0.103556         
32         42         0.103163         
32         43         0.10231         
32         44         0.101503         
32         45         0.101433         
32         46         0.101118         
32         47         0.100562         
32         48         0.10019         
33         0         0.393114         
33         1         0.449173         
33         2         0.448891         
33         3         0.44862         
33         4         0.417238         
33         5         0.417014         
33         6         0.414405         
33         7         0.378423         
33         8         0.268504         
33         9         0.268681         
33         10         0.265675         
33         11         0.245094         
33         12         0.200101         
33         13         0.199574         
33         14         0.197395         
33         15         0.184698         
33         16         0.162129         
33         17         0.161619         
33         18         0.159689         
33         19         0.151802         
33         20         0.140067         
33         21         0.139649         
33         22         0.138459         
33         23         0.132793         
33         24         0.125865         
33         25         0.125951         
33         26         0.12459         
33         27         0.121029         
33         28         0.116823         
33         29         0.1165         
33         30         0.115381         
33         31         0.113215         
33         32         0.110539         
33         33         0.110522         
33         34         0.109521         
33         35         0.108174         
33         36         0.106294         
33         37         0.106292         
33         38         0.105698         
33         39         0.104293         
33         40         0.103401         
33         41         0.103141         
33         42         0.102921         
33         43         0.101947         
33         44         0.101308         
33         45         0.101111         
33         46         0.101003         
33         47         0.100299         
33         48         0.099806         
34         0         0.392433         
34         1         0.450121         
34         2         0.449637         
34         3         0.450138         
34         4         0.41648         
34         5         0.416061         
34         6         0.414092         
34         7         0.37676         
34         8         0.267639         
34         9         0.267614         
34         10         0.264759         
34         11         0.244251         
34         12         0.198475         
34         13         0.197931         
34         14         0.195783         
34         15         0.183341         
34         16         0.161014         
34         17         0.160954         
34         18         0.159078         
34         19         0.150843         
34         20         0.138888         
34         21         0.138621         
34         22         0.137137         
34         23         0.131539         
34         24         0.124678         
34         25         0.124403         
34         26         0.123044         
34         27         0.119541         
34         28         0.115805         
34         29         0.115336         
34         30         0.114351         
34         31         0.112129         
34         32         0.109544         
34         33         0.10936         
34         34         0.108462         
34         35         0.106719         
34         36         0.105163         
34         37         0.104987         
34         38         0.104181         
34         39         0.103252         
34         40         0.102141         
34         41         0.101874         
34         42         0.101484         
34         43         0.100618         
34         44         0.100131         
34         45         0.10001         
34         46         0.0995987         
34         47         0.0990453         
34         48         0.0986187         
35         0         0.390221         
35         1         0.453437         
35         2         0.453154         
35         3         0.453562         
35         4         0.414251         
35         5         0.413826         
35         6         0.411957         
35         7         0.374408         
35         8         0.264857         
35         9         0.264825         
35         10         0.261957         
35         11         0.241459         
35         12         0.195851         
35         13         0.195696         
35         14         0.193291         
35         15         0.180379         
35         16         0.158599         
35         17         0.158143         
35         18         0.156021         
35         19         0.148096         
35         20         0.135949         
35         21         0.135409         
35         22         0.134027         
35         23         0.129004         
35         24         0.122204         
35         25         0.121832         
35         26         0.120581         
35         27         0.116729         
35         28         0.112921         
35         29         0.112576         
35         30         0.111687         
35         31         0.109275         
35         32         0.106572         
35         33         0.106563         
35         34         0.105539         
35         35         0.103842         
35         36         0.102571         
35         37         0.102231         
35         38         0.101643         
35         39         0.100536         
35         40         0.0994693         
35         41         0.09951         
35         42         0.098754         
35         43         0.097968         
35         44         0.097338         
35         45         0.0973413         
35         46         0.0969367         
35         47         0.09625         
35         48         0.0958893         
36         0         0.38815         
36         1         0.455722         
36         2         0.456359         
36         3         0.45631         
36         4         0.411171         
36         5         0.411467         
36         6         0.409371         
36         7         0.371822         
36         8         0.262453         
36         9         0.262015         
36         10         0.259697         
36         11         0.238697         
36         12         0.192997         
36         13         0.192817         
36         14         0.190937         
36         15         0.178022         
36         16         0.155785         
36         17         0.155369         
36         18         0.153454         
36         19         0.145437         
36         20         0.133583         
36         21         0.133425         
36         22         0.131438         
36         23         0.126484         
36         24         0.119615         
36         25         0.119233         
36         26         0.117913         
36         27         0.114255         
36         28         0.11045         
36         29         0.110016         
36         30         0.108859         
36         31         0.106591         
36         32         0.104241         
36         33         0.104077         
36         34         0.103091         
36         35         0.101338         
36         36         0.0999367         
36         37         0.0997093         
36         38         0.0987713         
36         39         0.0977527         
36         40         0.096896         
36         41         0.0966467         
36         42         0.0962273         
36         43         0.0952967         
36         44         0.0947347         
36         45         0.0944867         
36         46         0.094234         
36         47         0.0935207         
36         48         0.09336         
37         0         0.387572         
37         1         0.456211         
37         2         0.456131         
37         3         0.456199         
37         4         0.410977         
37         5         0.410719         
37         6         0.408949         
37         7         0.371745         
37         8         0.261973         
37         9         0.26157         
37         10         0.259214         
37         11         0.238099         
37         12         0.192479         
37         13         0.192682         
37         14         0.190249         
37         15         0.17776         
37         16         0.155375         
37         17         0.155108         
37         18         0.153325         
37         19         0.145205         
37         20         0.133309         
37         21         0.132713         
37         22         0.131485         
37         23         0.125699         
37         24         0.119046         
37         25         0.119069         
37         26         0.117608         
37         27         0.113827         
37         28         0.109802         
37         29         0.109415         
37         30         0.108395         
37         31         0.106252         
37         32         0.103868         
37         33         0.103671         
37         34         0.102845         
37         35         0.101299         
37         36         0.099346         
37         37         0.0991193         
37         38         0.0985287         
37         39         0.097422         
37         40         0.0964853         
37         41         0.0962893         
37         42         0.095824         
37         43         0.0949213         
37         44         0.0945013         
37         45         0.0943973         
37         46         0.0939887         
37         47         0.0933807         
37         48         0.0930913         
38         0         0.385777         
38         1         0.457177         
38         2         0.457664         
38         3         0.457331         
38         4         0.410016         
38         5         0.410242         
38         6         0.407435         
38         7         0.370358         
38         8         0.260933         
38         9         0.260864         
38         10         0.257481         
38         11         0.237067         
38         12         0.191617         
38         13         0.191429         
38         14         0.188494         
38         15         0.176411         
38         16         0.153841         
38         17         0.154061         
38         18         0.151819         
38         19         0.143861         
38         20         0.131985         
38         21         0.131779         
38         22         0.129873         
38         23         0.124736         
38         24         0.117928         
38         25         0.117507         
38         26         0.116087         
38         27         0.112737         
38         28         0.108803         
38         29         0.108231         
38         30         0.107223         
38         31         0.105013         
38         32         0.102389         
38         33         0.102466         
38         34         0.101306         
38         35         0.0998307         
38         36         0.0983273         
38         37         0.0980827         
38         38         0.0974973         
38         39         0.0963813         
38         40         0.0953687         
38         41         0.0949747         
38         42         0.0946313         
38         43         0.0939053         
38         44         0.0932293         
38         45         0.092986         
38         46         0.09266         
38         47         0.0920747         
38         48         0.0915713         
39         0         0.383929         
39         1         0.459383         
39         2         0.46005         
39         3         0.459623         
39         4         0.407831         
39         5         0.408258         
39         6         0.405789         
39         7         0.368324         
39         8         0.258245         
39         9         0.258192         
39         10         0.255565         
39         11         0.235         
39         12         0.189221         
39         13         0.189095         
39         14         0.186804         
39         15         0.173845         
39         16         0.151837         
39         17         0.151402         
39         18         0.149588         
39         19         0.14126         
39         20         0.129691         
39         21         0.129272         
39         22         0.127453         
39         23         0.122064         
39         24         0.1154         
39         25         0.115145         
39         26         0.113809         
39         27         0.110326         
39         28         0.106227         
39         29         0.106063         
39         30         0.104918         
39         31         0.102601         
39         32         0.100141         
39         33         0.0998633         
39         34         0.0991973         
39         35         0.0974427         
39         36         0.0958093         
39         37         0.0956807         
39         38         0.0949267         
39         39         0.0938667         
39         40         0.0930373         
39         41         0.092664         
39         42         0.092416         
39         43         0.091372         
39         44         0.09078         
39         45         0.0907573         
39         46         0.090234         
39         47         0.0898813         
39         48         0.089216         
40         0         0.381763         
40         1         0.461892         
40         2         0.462154         
40         3         0.461471         
40         4         0.405512         
40         5         0.405795         
40         6         0.403161         
40         7         0.366337         
40         8         0.256355         
40         9         0.256014         
40         10         0.253393         
40         11         0.232694         
40         12         0.186972         
40         13         0.186995         
40         14         0.184542         
40         15         0.171559         
40         16         0.149589         
40         17         0.148909         
40         18         0.147363         
40         19         0.139591         
40         20         0.127271         
40         21         0.127197         
40         22         0.125271         
40         23         0.119949         
40         24         0.113009         
40         25         0.113051         
40         26         0.111547         
40         27         0.108043         
40         28         0.104049         
40         29         0.103805         
40         30         0.102859         
40         31         0.100443         
40         32         0.0981227         
40         33         0.0978047         
40         34         0.0967133         
40         35         0.0952613         
40         36         0.09382         
40         37         0.0934713         
40         38         0.093084         
40         39         0.0915927         
40         40         0.090798         
40         41         0.0905727         
40         42         0.0901413         
40         43         0.0895133         
40         44         0.0887127         
40         45         0.0882373         
40         46         0.088116         
40         47         0.0875913         
40         48         0.08704         
41         0         0.381757         
41         1         0.462067         
41         2         0.462422         
41         3         0.461877         
41         4         0.404991         
41         5         0.405361         
41         6         0.403041         
41         7         0.36597         
41         8         0.255688         
41         9         0.255513         
41         10         0.252705         
41         11         0.232597         
41         12         0.186376         
41         13         0.186483         
41         14         0.183893         
41         15         0.171661         
41         16         0.14959         
41         17         0.148721         
41         18         0.147232         
41         19         0.138975         
41         20         0.126719         
41         21         0.126751         
41         22         0.124966         
41         23         0.119653         
41         24         0.112953         
41         25         0.112359         
41         26         0.111619         
41         27         0.107812         
41         28         0.103635         
41         29         0.103581         
41         30         0.102454         
41         31         0.0997767         
41         32         0.0974307         
41         33         0.0973593         
41         34         0.0966827         
41         35         0.0949587         
41         36         0.0934173         
41         37         0.093046         
41         38         0.0923607         
41         39         0.0914107         
41         40         0.0904167         
41         41         0.0900833         
41         42         0.089836         
41         43         0.0890113         
41         44         0.0880833         
41         45         0.088016         
41         46         0.08771         
41         47         0.0872007         
41         48         0.0867193         
42         0         0.380698         
42         1         0.463673         
42         2         0.46328         
42         3         0.462954         
42         4         0.404259         
42         5         0.404039         
42         6         0.401373         
42         7         0.364304         
42         8         0.254427         
42         9         0.254021         
42         10         0.25198         
42         11         0.231223         
42         12         0.18527         
42         13         0.185553         
42         14         0.182855         
42         15         0.170454         
42         16         0.147751         
42         17         0.147645         
42         18         0.145337         
42         19         0.137493         
42         20         0.125662         
42         21         0.125421         
42         22         0.123859         
42         23         0.118818         
42         24         0.111693         
42         25         0.111271         
42         26         0.110065         
42         27         0.106449         
42         28         0.102627         
42         29         0.102423         
42         30         0.101224         
42         31         0.0987907         
42         32         0.09642         
42         33         0.0962413         
42         34         0.0953707         
42         35         0.093604         
42         36         0.0920873         
42         37         0.091708         
42         38         0.0912873         
42         39         0.090002         
42         40         0.0891187         
42         41         0.0888267         
42         42         0.088416         
42         43         0.0876353         
42         44         0.087042         
42         45         0.0868107         
42         46         0.0865173         
42         47         0.0858453         
42         48         0.085564         
43         0         0.378167         
43         1         0.465013         
43         2         0.465149         
43         3         0.465661         
43         4         0.402358         
43         5         0.402079         
43         6         0.400742         
43         7         0.362468         
43         8         0.252393         
43         9         0.252672         
43         10         0.249819         
43         11         0.229053         
43         12         0.183462         
43         13         0.183021         
43         14         0.180585         
43         15         0.168487         
43         16         0.145991         
43         17         0.145409         
43         18         0.143534         
43         19         0.135626         
43         20         0.123537         
43         21         0.123065         
43         22         0.121604         
43         23         0.116309         
43         24         0.109525         
43         25         0.109539         
43         26         0.107959         
43         27         0.104479         
43         28         0.100417         
43         29         0.10016         
43         30         0.0992047         
43         31         0.0968747         
43         32         0.0943587         
43         33         0.0939573         
43         34         0.0934167         
43         35         0.0914687         
43         36         0.0898307         
43         37         0.089924         
43         38         0.089182         
43         39         0.0879207         
43         40         0.0869293         
43         41         0.0868653         
43         42         0.086422         
43         43         0.085594         
43         44         0.084812         
43         45         0.0847413         
43         46         0.0842867         
43         47         0.083864         
43         48         0.0833667         
44         0         0.376549         
44         1         0.466432         
44         2         0.466896         
44         3         0.466199         
44         4         0.400821         
44         5         0.400355         
44         6         0.397897         
44         7         0.361401         
44         8         0.250641         
44         9         0.25017         
44         10         0.24804         
44         11         0.227557         
44         12         0.181531         
44         13         0.181401         
44         14         0.178905         
44         15         0.166765         
44         16         0.144259         
44         17         0.143978         
44         18         0.142131         
44         19         0.13354         
44         20         0.121817         
44         21         0.121587         
44         22         0.120173         
44         23         0.114543         
44         24         0.107929         
44         25         0.107811         
44         26         0.106219         
44         27         0.102865         
44         28         0.0987413         
44         29         0.0985193         
44         30         0.0973447         
44         31         0.0948987         
44         32         0.0923527         
44         33         0.0922933         
44         34         0.0914027         
44         35         0.0896867         
44         36         0.0881793         
44         37         0.087898         
44         38         0.087224         
44         39         0.086298         
44         40         0.08543         
44         41         0.0851747         
44         42         0.0846867         
44         43         0.0837493         
44         44         0.0832587         
44         45         0.0829293         
44         46         0.0826633         
44         47         0.0819747         
44         48         0.0815767         
45         0         0.376881         
45         1         0.46667         
45         2         0.466495         
45         3         0.466883         
45         4         0.400087         
45         5         0.400401         
45         6         0.397748         
45         7         0.360121         
45         8         0.250509         
45         9         0.250258         
45         10         0.247754         
45         11         0.226787         
45         12         0.181179         
45         13         0.180783         
45         14         0.178505         
45         15         0.165978         
45         16         0.143744         
45         17         0.143016         
45         18         0.141228         
45         19         0.133616         
45         20         0.121374         
45         21         0.121106         
45         22         0.119327         
45         23         0.114223         
45         24         0.107654         
45         25         0.10698         
45         26         0.105645         
45         27         0.102332         
45         28         0.0983893         
45         29         0.0978053         
45         30         0.0971713         
45         31         0.094404         
45         32         0.092082         
45         33         0.09169         
45         34         0.0911607         
45         35         0.089408         
45         36         0.087858         
45         37         0.087674         
45         38         0.08694         
45         39         0.085864         
45         40         0.0848973         
45         41         0.0846467         
45         42         0.0842153         
45         43         0.0832173         
45         44         0.08271         
45         45         0.082554         
45         46         0.0821753         
45         47         0.0816153         
45         48         0.0812         
46         0         0.376282         
46         1         0.467765         
46         2         0.46744         
46         3         0.467667         
46         4         0.398876         
46         5         0.39905         
46         6         0.396947         
46         7         0.359211         
46         8         0.248976         
46         9         0.248761         
46         10         0.246159         
46         11         0.22602         
46         12         0.180133         
46         13         0.179625         
46         14         0.177546         
46         15         0.164905         
46         16         0.142565         
46         17         0.142328         
46         18         0.140414         
46         19         0.132279         
46         20         0.120026         
46         21         0.120139         
46         22         0.118297         
46         23         0.112965         
46         24         0.10636         
46         25         0.105823         
46         26         0.104679         
46         27         0.101114         
46         28         0.0971587         
46         29         0.096698         
46         30         0.095728         
46         31         0.093582         
46         32         0.0908287         
46         33         0.0907227         
46         34         0.0897247         
46         35         0.088098         
46         36         0.0866667         
46         37         0.0862727         
46         38         0.085738         
46         39         0.0847753         
46         40         0.0835387         
46         41         0.0833833         
46         42         0.08308         
46         43         0.0822053         
46         44         0.0815753         
46         45         0.081292         
46         46         0.0810067         
46         47         0.080406         
46         48         0.0801187         
47         0         0.373891         
47         1         0.468552         
47         2         0.469451         
47         3         0.469161         
47         4         0.3974         
47         5         0.397203         
47         6         0.394619         
47         7         0.357993         
47         8         0.246997         
47         9         0.247385         
47         10         0.244299         
47         11         0.224121         
47         12         0.178393         
47         13         0.177715         
47         14         0.175543         
47         15         0.163249         
47         16         0.140533         
47         17         0.140187         
47         18         0.138503         
47         19         0.130385         
47         20         0.118347         
47         21         0.118234         
47         22         0.116429         
47         23         0.111443         
47         24         0.104497         
47         25         0.103986         
47         26         0.102846         
47         27         0.099318         
47         28         0.0951307         
47         29         0.0949013         
47         30         0.0938053         
47         31         0.0915087         
47         32         0.0892147         
47         33         0.08873         
47         34         0.088182         
47         35         0.086528         
47         36         0.0847493         
47         37         0.08459         
47         38         0.0837833         
47         39         0.082804         
47         40         0.0818613         
47         41         0.0817293         
47         42         0.0812667         
47         43         0.0802933         
47         44         0.07969         
47         45         0.079562         
47         46         0.0791247         
47         47         0.0785227         
47         48         0.0782553         
48         0         0.372563         
48         1         0.469771         
48         2         0.469955         
48         3         0.4697         
48         4         0.395926         
48         5         0.395926         
48         6         0.393349         
48         7         0.356889         
48         8         0.245545         
48         9         0.246023         
48         10         0.242882         
48         11         0.222131         
48         12         0.17685         
48         13         0.176558         
48         14         0.173545         
48         15         0.161504         
48         16         0.139495         
48         17         0.138998         
48         18         0.136981         
48         19         0.128726         
48         20         0.116619         
48         21         0.116561         
48         22         0.114956         
48         23         0.10949         
48         24         0.103135         
48         25         0.102475         
48         26         0.101271         
48         27         0.0976773         
48         28         0.0938973         
48         29         0.0933847         
48         30         0.0925253         
48         31         0.0900333         
48         32         0.0876953         
48         33         0.0873947         
48         34         0.08644         
48         35         0.0849013         
48         36         0.0834393         
48         37         0.0831367         
48         38         0.0825607         
48         39         0.0812453         
48         40         0.080256         
48         41         0.080278         
48         42         0.0796607         
48         43         0.0788393         
48         44         0.0782947         
48         45         0.078088         
48         46         0.0778773         
48         47         0.0771613         
48         48         0.0767487         
